S;807,239;0;801,236;801,374;1000,374;1000,224
B;1011,230;0;1000,224;801,374

#Armory patrol
S;1095,311;1;1092,305;1224,305
S;1287,311;1;1281,302;1479,302
B;1341,278;0
B;1425,278;0

#Hostage guards
S;1095,437;0;1092,431;1224,431
B;1341,470;2
B;1425,470;2

#Top patrol
S;1027,70;3
B;616,118;1
S;775,118;0;772,112;868,112;868,49;772,49

#Square patrol
S;516,210;0;516,210;516,400;708,400;708,208
S;708,410;0;708,400;708,208;516,210;516,400

#Bot patrol
S;390,559;0;390,559;675,560;675,527;771,527;771,590;867,589;867,559;1026,559;1026,460;1026,559;867,559;867,589;771,590;771,527;675,527;675,560

#Key watchers
S;900,500;3